0
0.099436
0.096512
0.093604
0.090712
0.08782
0.085044
0.082268
0.079562
0.076926
0.07429
0.07183
0.06937
0.067024
0.064792
0.06256
0.060516
0.058472
0.056486
0.054558
0.05263
0.050394
0.048158
0.0461
0.04422
0.04234
0.040864
0.039388
0.038074
0.036922
0.03577
0.034854
0.033938
0.033104
0.032352
0.0316
0.030948
0.030296
0.029674
0.029082
0.02849
0.027966
0.027442
0.026948
0.026484
0.02602
0.02562
0.02522
0.024848
0.024504
0.02416
0.023868
0.023576
0.023158
0.022614
0.02207
0.02171
0.02135
0.021034
0.020762
0.02049
0.020246
0.020002
0.019766
0.019538
0.01931
0.01911
0.01891
0.018726
0.018558
0.01839
0.018014
0.017638
0.01734
0.01712
0.0169
0.01672
0.01654
0.016364
0.016192
0.01602
0.015876
0.015732
0.015526
0.015258
0.01499
0.014818
0.014646
0.014494
0.014362
0.01423
0.014118
0.014006
0.013842
0.013626
0.01341
0.013274
0.013138
0.013014
0.012902
0.01279
0.012634
0.012478
0.012338
0.012214
0.01209
0.012002
0.011914
0.011794
0.011642
0.01149
0.01139
0.01129
0.011182
0.011066
0.01095
0.010846
0.010742
0.01062
0.01048
0.01034
0.010216
0.010092
0.00997
0.00985
0.00973
0.009606
0.009482
0.009358
0.009234
0.00911
0.008982
0.008854
0.008726
0.008598
0.00847
0.008346
0.008222
0.0081
0.00798
0.00786
0.00774
0.00762
0.007504
0.007392
0.00728
0.007188
0.007096
0.007002
0.006906
0.00681
0.006722
0.006634
0.006552
0.006476
0.0064
0.006332
0.006264
0.006196
0.006128
0.00606
0.006008
0.005956
0.005906
0.005858
0.00581
0.005766
0.005722
0.005684
0.005652
0.00562
0.005596
0.005572
0.005546
0.005518
0.00549
0.005478
0.005466
0.005452
0.005436
0.00542
0.005416
0.005412
0.005408
0.005404
0.0054
0.005404
0.005408
0.005412
0.005416
0.00542
0.005436
0.005452
0.005466
0.005478
0.00549
0.005514
0.005538
0.005564
0.005592
0.00562
0.005652
0.005684
0.005722
0.005766
0.00581
0.005858
0.005906
0.005956
0.006008
0.00606
0.006128
0.006196
0.006264
0.006332
0.0064
0.006476
0.006552
0.006634
0.006722
0.00681
0.006906
0.007002
0.007096
0.007188
0.00728
0.007392
0.007504
0.00762
0.00774
0.00786
0.00798
0.0081
0.008222
0.008346
0.00847
0.008598
0.008726
0.008854
0.008982
0.00911
0.009234
0.009358
0.00948
0.0096
0.00972
0.009844
0.009968
0.010092
0.010216
0.01034
0.01048
0.01062
0.010742
0.010846
0.01095
0.011066
0.011182
0.01129
0.01139
0.01149
0.011638
0.011786
0.011904
0.011992
0.01208
0.012208
0.012336
0.012478
0.012634
0.01279
0.012902
0.013014
0.013138
0.013274
0.01341
0.013626
0.013842
0.014006
0.014118
0.01423
0.014362
0.014494
0.014646
0.014818
0.01499
0.015258
0.015526
0.015732
0.015876
0.01602
0.016192
0.016364
0.01654
0.01672
0.0169
0.01712
0.01734
0.01764
0.01802
0.0184
0.018564
0.018728
0.01891
0.01911
0.01931
0.019538
0.019766
0.020002
0.020246
0.02049
0.020762
0.021034
0.02135
0.02171
0.02207
0.02261
0.02315
0.023566
0.023858
0.02415
0.024498
0.024846
0.02522
0.02562
0.02602
0.02648
0.02694
0.027432
0.027956
0.02848
0.029068
0.029656
0.030276
0.030928
0.03158
0.03234
0.0331
0.033934
0.034842
0.03575
0.036902
0.038054
0.039374
0.040862
0.04235
0.044218
0.046086
0.048138
0.050374
0.05261
0.054502
0.056394
0.058346
0.060358
0.06237
0.06463
0.06689
0.069248
0.071704
0.07416
0.076796
0.079432
0.082146
0.084938
0.08773
0.09061
0.09349
0.096402
0.099346
