0
-1.23372
-1.24164
-1.24966
-1.25778
-1.2659
-1.27362
-1.28134
-1.28878
-1.29594
-1.3031
-1.30958
-1.31606
-1.32188
-1.32704
-1.3322
-1.3364
-1.3406
-1.34454
-1.34822
-1.3519
-1.35862
-1.36534
-1.37108
-1.37584
-1.3806
-1.38308
-1.38556
-1.38702
-1.38746
-1.3879
-1.3869
-1.3859
-1.38436
-1.38228
-1.3802
-1.37768
-1.37516
-1.3725
-1.3697
-1.3669
-1.36374
-1.36058
-1.35724
-1.35372
-1.3502
-1.34608
-1.34196
-1.33754
-1.33282
-1.3281
-1.32282
-1.31754
-1.31456
-1.31388
-1.3132
-1.30808
-1.30296
-1.297
-1.2902
-1.2834
-1.276
-1.2686
-1.26102
-1.25326
-1.2455
-1.2373
-1.2291
-1.22064
-1.21192
-1.2032
-1.1968
-1.1904
-1.18308
-1.17484
-1.1666
-1.15792
-1.14924
-1.14048
-1.13164
-1.1228
-1.11368
-1.10456
-1.09614
-1.08842
-1.0807
-1.07206
-1.06342
-1.05464
-1.04572
-1.0368
-1.0278
-1.0188
-1.0104
-1.0026
-0.9948
-0.98628
-0.97776
-0.96914
-0.96042
-0.9517
-0.94354
-0.93538
-0.92712
-0.91876
-0.9104
-0.90176
-0.89312
-0.88478
-0.87674
-0.8687
-0.86022
-0.85174
-0.84336
-0.83508
-0.8268
-0.81508
-0.80336
-0.79068
-0.77704
-0.7634
-0.7496
-0.7358
-0.7219
-0.7079
-0.6939
-0.68038
-0.66686
-0.65344
-0.64012
-0.6268
-0.61286
-0.59892
-0.58498
-0.57104
-0.5571
-0.54278
-0.52846
-0.5151
-0.5027
-0.4903
-0.4777
-0.4651
-0.45256
-0.44008
-0.4276
-0.41672
-0.40584
-0.39492
-0.38396
-0.373
-0.36228
-0.35156
-0.34098
-0.33054
-0.3201
-0.30958
-0.29906
-0.28854
-0.27802
-0.2675
-0.2569
-0.2463
-0.23568
-0.22504
-0.2144
-0.20376
-0.19312
-0.18246
-0.17178
-0.1611
-0.15038
-0.13966
-0.12894
-0.11822
-0.1075
-0.09674
-0.08598
-0.07524
-0.06452
-0.0538
-0.043
-0.0322
-0.02144
-0.01072
0
0.01076
0.02152
0.03228
0.04304
0.0538
0.06452
0.07524
0.08598
0.09674
0.1075
0.11826
0.12902
0.13974
0.15042
0.1611
0.17178
0.18246
0.19312
0.20376
0.2144
0.22504
0.23568
0.2463
0.2569
0.2675
0.27802
0.28854
0.29906
0.30958
0.3201
0.33054
0.34098
0.35156
0.36228
0.373
0.38396
0.39492
0.40584
0.41672
0.4276
0.44008
0.45256
0.4651
0.4777
0.4903
0.5027
0.5151
0.52848
0.54284
0.5572
0.57112
0.58504
0.59896
0.61288
0.6268
0.64012
0.65344
0.66688
0.68044
0.694
0.708
0.722
0.7359
0.7497
0.7635
0.77714
0.79078
0.80342
0.81506
0.8267
0.83498
0.84326
0.85164
0.86012
0.8686
0.87664
0.88468
0.89302
0.90166
0.9103
0.91866
0.92702
0.93528
0.94344
0.9516
0.96032
0.96904
0.97768
0.98624
0.9948
1.0026
1.0104
1.0188
1.0278
1.0368
1.04572
1.05464
1.06344
1.07212
1.0808
1.08852
1.09624
1.10466
1.11378
1.1229
1.13174
1.14058
1.14936
1.15808
1.1668
1.17504
1.18328
1.19058
1.19694
1.2033
1.21202
1.22074
1.22922
1.23746
1.2457
1.25346
1.26122
1.26882
1.27626
1.2837
1.29054
1.29738
1.30338
1.30854
1.3137
1.3145
1.3153
1.31836
1.32368
1.329
1.33364
1.33828
1.34266
1.34678
1.3509
1.35454
1.35818
1.36158
1.36474
1.3679
1.37074
1.37358
1.37628
1.37884
1.3814
1.3834
1.3854
1.38696
1.38808
1.3892
1.38876
1.38832
1.38684
1.38432
1.3818
1.37716
1.37252
1.36688
1.36024
1.3536
1.3502
1.3468
1.34312
1.33916
1.3352
1.32984
1.32448
1.31862
1.31226
1.3059
1.29874
1.29158
1.2841
1.2763
1.2685
1.2605
1.2525
1.24448
1.23644
