0
-0.00268
-0.00416
-0.00564
-0.00712
-0.0086
-0.01
-0.0114
-0.01276
-0.01408
-0.0154
-0.01664
-0.01788
-0.01906
-0.02018
-0.0213
-0.0223
-0.0233
-0.02426
-0.02518
-0.0261
-0.02706
-0.02802
-0.02886
-0.02958
-0.0303
-0.0307
-0.0311
-0.03138
-0.03154
-0.0317
-0.0317
-0.0317
-0.03162
-0.03146
-0.0313
-0.03098
-0.03066
-0.0303
-0.0299
-0.0295
-0.02902
-0.02854
-0.028
-0.0274
-0.0268
-0.02616
-0.02552
-0.02488
-0.02424
-0.0236
-0.02292
-0.02224
-0.02126
-0.01998
-0.0187
-0.01798
-0.01726
-0.01664
-0.01612
-0.0156
-0.01512
-0.01464
-0.0142
-0.0138
-0.0134
-0.013
-0.0126
-0.01224
-0.01192
-0.0116
-0.011
-0.0104
-0.0099
-0.0095
-0.0091
-0.00874
-0.00838
-0.00804
-0.00772
-0.0074
-0.00708
-0.00676
-0.00634
-0.00582
-0.0053
-0.0049
-0.0045
-0.00412
-0.00376
-0.0034
-0.003
-0.0026
-0.00212
-0.00156
-0.001
-0.00052
-4e-05
0.00044
0.00092
0.0014
0.00192
0.00244
0.00296
0.00348
0.004
0.00448
0.00496
0.0055
0.0061
0.0067
0.00722
0.00774
0.00826
0.00878
0.0093
0.0091
0.0089
0.0085
0.0079
0.0073
0.0067
0.0061
0.00546
0.00478
0.0041
0.0035
0.0029
0.00236
0.00188
0.0014
0.00074
8e-05
-0.00058
-0.00124
-0.0019
-0.00266
-0.00342
-0.00394
-0.00422
-0.0045
-0.00482
-0.00514
-0.00546
-0.00578
-0.0061
-0.00598
-0.00586
-0.00578
-0.00574
-0.0057
-0.00554
-0.00538
-0.0052
-0.005
-0.0048
-0.0046
-0.0044
-0.0042
-0.004
-0.0038
-0.00364
-0.00348
-0.00332
-0.00316
-0.003
-0.0028
-0.0026
-0.00242
-0.00226
-0.0021
-0.00198
-0.00186
-0.00172
-0.00156
-0.0014
-0.00124
-0.00108
-0.00094
-0.00082
-0.0007
-0.00058
-0.00046
-0.00032
-0.00016
0
0.00012
0.00024
0.00038
0.00054
0.0007
0.00082
0.00094
0.00108
0.00124
0.0014
0.00156
0.00172
0.00186
0.00198
0.0021
0.00226
0.00242
0.0026
0.0028
0.003
0.00316
0.00332
0.00348
0.00364
0.0038
0.004
0.0042
0.0044
0.0046
0.0048
0.005
0.0052
0.00538
0.00554
0.0057
0.00574
0.00578
0.00586
0.00598
0.0061
0.00578
0.00546
0.00514
0.00482
0.0045
0.00422
0.00394
0.00342
0.00266
0.0019
0.00124
0.00058
-8e-05
-0.00074
-0.0014
-0.00192
-0.00244
-0.00298
-0.00354
-0.0041
-0.00478
-0.00546
-0.00612
-0.00676
-0.0074
-0.008
-0.0086
-0.00898
-0.00914
-0.0093
-0.00878
-0.00826
-0.00774
-0.00722
-0.0067
-0.0061
-0.0055
-0.00496
-0.00448
-0.004
-0.00348
-0.00296
-0.00242
-0.00186
-0.0013
-0.00086
-0.00042
4e-05
0.00052
0.001
0.00156
0.00212
0.0026
0.003
0.0034
0.00376
0.00412
0.0045
0.0049
0.0053
0.00582
0.00634
0.00676
0.00708
0.0074
0.00772
0.00804
0.00838
0.00874
0.0091
0.00946
0.00982
0.01032
0.01096
0.0116
0.01192
0.01224
0.01258
0.01294
0.0133
0.01374
0.01418
0.01462
0.01506
0.0155
0.01602
0.01654
0.01716
0.01788
0.0186
0.01988
0.02116
0.02214
0.02282
0.0235
0.02414
0.02478
0.02542
0.02606
0.0267
0.02726
0.02782
0.02836
0.02888
0.0294
0.0298
0.0302
0.03054
0.03082
0.0311
0.03126
0.03142
0.0315
0.0315
0.0315
0.03134
0.03118
0.03088
0.03044
0.03
0.02928
0.02856
0.02772
0.02676
0.0258
0.02488
0.02396
0.02302
0.02206
0.0211
0.01994
0.01878
0.0176
0.0164
0.0152
0.01384
0.01248
0.0111
0.0097
0.0083
0.00682
0.00534
0.00384
0.00232
