0.10236
0.09505
0.08782
0.08088
0.07429
0.06814
0.06256
0.05745
0.05263
0.04704
0.04234
0.03865
0.03577
0.03348
0.0316
0.02997
0.02849
0.02718
0.02602
0.02502
0.02416
0.02343
0.02207
0.02117
0.02049
0.01988
0.01931
0.01881
0.01839
0.01745
0.0169
0.01645
0.01602
0.01566
0.01499
0.01456
0.01423
0.01395
0.01341
0.01307
0.01279
0.0124
0.01209
0.01187
0.01149
0.01124
0.01095
0.01069
0.01034
0.01003
0.00973
0.00942
0.00911
0.00847
0.00816
0.00786
0.00756
0.00728
0.00705
0.00681
0.00659
0.0064
0.00623
0.00606
0.00593
0.00581
0.0057
0.00562
0.00556
0.00549
0.00546
0.00542
0.00541
0.0054
0.00541
0.00542
0.00546
0.00549
0.00555
0.00562
0.0057
0.00581
0.00593
0.00606
0.00623
0.0064
0.00659
0.00681
0.00705
0.00728
0.00756
0.00786
0.00816
0.00847
0.00911
0.00942
0.00972
0.01003
0.01034
0.01069
0.01095
0.01124
0.01149
0.01186
0.01208
0.0124
0.01279
0.01307
0.01341
0.01395
0.01423
0.01456
0.01499
0.01566
0.01602
0.01645
0.0169
0.01745
0.0184
0.01881
0.01931
0.01988
0.02049
0.02117
0.02207
0.02342
0.02415
0.02502
0.02602
0.02717
0.02848
0.02995
0.03158
0.03348
0.03575
0.03863
0.04235
0.04702
0.05261
0.05734
0.06237
0.06802
0.07416
0.08075
0.08773
0.09493
0.10229
