-1.2258
-1.2456
-1.2659
-1.2852
-1.3031
-1.3193
-1.3322
-1.3427
-1.3519
-1.3687
-1.3806
-1.3868
-1.3879
-1.3854
-1.3802
-1.3739
-1.3669
-1.359
-1.3502
-1.3399
-1.3281
-1.3149
-1.3132
-1.3004
-1.2834
-1.2649
-1.2455
-1.225
-1.2032
-1.1872
-1.1666
-1.1449
-1.1228
-1.1
-1.0807
-1.0591
-1.0368
-1.0143
-0.9948
-0.9735
-0.9517
-0.9313
-0.9104
-0.8888
-0.8687
-0.8475
-0.8268
-0.7975
-0.7634
-0.7289
-0.6939
-0.6601
-0.6268
-0.5571
-0.5213
-0.4903
-0.4588
-0.4276
-0.4004
-0.373
-0.3462
-0.3201
-0.2938
-0.2675
-0.241
-0.2144
-0.1878
-0.1611
-0.1343
-0.1075
-0.0806
-0.0538
-0.0268
0.0
0.0269
0.0538
0.0806
0.1075
0.1344
0.1611
0.1878
0.2144
0.241
0.2675
0.2938
0.3201
0.3462
0.373
0.4004
0.4276
0.4588
0.4903
0.5213
0.5572
0.6268
0.6601
0.694
0.729
0.7635
0.7976
0.8267
0.8474
0.8686
0.8887
0.9103
0.9312
0.9516
0.9734
0.9948
1.0143
1.0368
1.0591
1.0808
1.1001
1.1229
1.145
1.1668
1.1874
1.2033
1.2251
1.2457
1.2651
1.2837
1.3008
1.3137
1.3157
1.329
1.3406
1.3509
1.36
1.3679
1.375
1.3814
1.3864
1.3892
1.3881
1.3818
1.3702
1.3536
1.3451
1.3352
1.3218
1.3059
1.288
1.2685
1.2485
1.2284
