-0.0012
-0.0049
-0.0086
-0.0121
-0.0154
-0.0185
-0.0213
-0.0238
-0.0261
-0.0285
-0.0303
-0.0313
-0.0317
-0.0317
-0.0313
-0.0305
-0.0295
-0.0283
-0.0268
-0.0252
-0.0236
-0.0219
-0.0187
-0.0169
-0.0156
-0.0144
-0.0134
-0.0124
-0.0116
-0.0101
-0.0091
-0.0082
-0.0074
-0.0066
-0.0053
-0.0043
-0.0034
-0.0024
-0.001
0.0002
0.0014
0.0027
0.004
0.0052
0.0067
0.008
0.0093
0.0088
0.0073
0.0058
0.0041
0.0026
0.0014
-0.0019
-0.0038
-0.0045
-0.0053
-0.0061
-0.0058
-0.0057
-0.0053
-0.0048
-0.0043
-0.0038
-0.0034
-0.003
-0.0025
-0.0021
-0.0018
-0.0014
-0.001
-0.0007
-0.0004
0.0
0.0003
0.0007
0.001
0.0014
0.0018
0.0021
0.0025
0.003
0.0034
0.0038
0.0043
0.0048
0.0053
0.0057
0.0058
0.0061
0.0053
0.0045
0.0038
0.0019
-0.0014
-0.0027
-0.0041
-0.0058
-0.0074
-0.0089
-0.0093
-0.008
-0.0067
-0.0052
-0.004
-0.0027
-0.0013
-0.0002
0.001
0.0024
0.0034
0.0043
0.0053
0.0066
0.0074
0.0082
0.0091
0.01
0.0116
0.0124
0.0133
0.0144
0.0155
0.0168
0.0186
0.0218
0.0235
0.0251
0.0267
0.0281
0.0294
0.0304
0.0311
0.0315
0.0315
0.0311
0.03
0.0282
0.0258
0.0235
0.0211
0.0182
0.0152
0.0118
0.0083
0.0046
0.0008
